26,66,84,40,90,84,76,42,36,7,45,56,79,18,87,12,48,72
59,9,36,10,42,87,6,1,13,72,21,55,19,99,21,4,39,11
40,67,5,28,27,50,84,58,20,24,22,69,96,81,30,84,92,72
72,50,25,85,22,99,40,42,98,13,98,90,24,90,9,81,19,36
32,55,94,4,79,69,73,76,50,55,60,42,79,84,93,5,21,67
4,13,61,54,26,59,44,2,2,6,84,21,42,68,28,89,72,8
58,98,36,8,53,48,3,33,33,48,90,54,67,46,68,29,0,46
88,97,49,90,3,33,63,97,53,92,86,25,52,96,75,88,57,29
36,60,14,21,60,4,28,27,50,48,56,2,94,97,99,43,39,2
28,3,0,81,47,38,59,51,35,34,39,92,15,27,4,29,49,64
85,29,43,35,77,0,38,71,49,89,67,88,92,95,43,44,29,90
82,40,41,69,26,32,61,42,60,17,23,61,81,9,90,25,96,67
77,34,90,26,24,57,14,68,5,58,12,86,0,46,26,94,16,52
78,29,46,90,47,70,51,80,31,93,57,27,12,86,14,55,12,90
12,79,10,69,89,74,55,41,20,33,87,88,38,66,70,84,56,17
6,60,49,37,5,59,17,18,45,83,73,58,73,37,89,83,7,78
57,14,71,29,0,59,18,38,25,88,74,33,57,81,93,58,70,99
17,39,69,63,22,94,73,47,31,62,82,90,92,91,57,15,21,57
0,0
17,17
end

