95,70,34,78,67,1,97,2,17,92,52,56,1,80
86,41,65,89,44,19,40,29,31,17,97,71,81,75
9,27,67,56,97,53,86,65,6,83,19,24,28,71
32,29,3,19,70,68,8,15,40,49,96,23,18,45
46,51,21,55,79,88,64,28,41,50,93,0,34,64
24,14,87,56,43,91,27,65,59,36,32,51,37,28
75,7,74,21,58,95,29,37,35,93,18,28,43,11
28,29,76,4,43,63,13,38,6,40,4,18,28,88
69,17,17,96,24,43,70,83,90,99,72,25,44,90
5,39,54,86,69,82,42,64,97,7,55,4,48,11
22,28,99,43,46,68,40,22,11,10,5,1,61,30
78,5,20,36,44,26,22,65,8,16,82,58,24,37
62,24,0,36,52,99,79,50,68,71,73,31,81,30
33,94,60,63,99,81,99,96,59,73,13,68,90,95
0,0
13,13
end

