74,91,47,51,31,21,37,40,54,30,98,25,81,16,16,2,31,39,96,4,38,80
18,21,70,62,12,79,77,85,36,4,76,83,7,59,57,44,99,11,27,50,36,60
18,5,63,49,44,11,5,34,91,75,55,14,89,68,93,18,5,82,22,82,17,30
93,74,26,93,86,53,43,74,14,13,79,77,62,75,88,19,10,32,94,17,46,35
37,91,53,43,73,28,25,91,10,18,17,36,63,55,90,58,30,4,71,61,33,85
89,73,4,51,5,50,68,3,85,6,95,39,49,20,67,26,63,77,96,81,65,60
36,55,70,18,11,42,32,96,79,21,70,84,72,27,34,40,83,72,98,30,63,47
50,30,73,14,59,22,47,24,82,35,32,4,54,43,98,86,40,78,59,62,62,83
41,48,23,24,72,22,54,35,21,57,65,47,71,76,69,18,1,3,53,33,7,59
28,6,97,20,84,8,34,98,91,76,98,15,52,71,89,59,6,10,16,24,9,39
0,78,9,53,81,14,38,89,26,67,47,23,87,31,32,22,81,75,50,79,90,54
50,31,13,57,94,81,81,3,20,33,82,81,87,15,96,25,4,22,92,51,97,32
34,81,6,15,57,8,95,99,62,97,83,76,54,77,9,87,32,82,21,66,63,60
82,11,85,86,85,30,90,83,14,76,16,20,92,25,28,39,25,90,36,60,18,43
37,28,82,21,10,55,88,25,15,70,37,53,8,22,83,50,57,97,27,26,69,71
51,49,10,28,39,98,88,10,93,77,90,76,99,52,31,87,77,99,57,66,52,17
41,35,68,98,84,95,76,5,66,28,54,28,8,93,78,97,55,72,74,45,0,25
97,83,12,27,82,21,93,34,39,34,21,59,85,57,54,61,62,72,41,16,52,50
62,82,99,17,54,73,15,6,51,64,90,63,91,72,37,37,59,28,71,80,87,56
90,41,70,52,65,11,69,17,61,83,51,12,0,6,38,67,64,89,32,54,4,75
79,41,12,38,69,36,70,56,44,60,49,14,65,14,26,86,83,39,69,35,52,21
93,90,89,9,31,73,64,35,48,95,77,13,33,98,49,55,55,93,68,56,60,33
0,0
21,21
end

