23,86,71,58,77,40,45,81,61,90,23,50,0,54,75,64,42,24,59,19,89,44,69,38,51,76
83,19,33,43,4,56,81,75,66,11,67,12,92,29,2,68,31,2,74,7,18,16,83,77,87,72
73,57,62,25,33,97,96,18,41,53,26,74,80,93,85,48,5,30,29,59,98,60,62,24,19,80
41,2,10,80,26,83,89,40,8,23,38,57,93,31,10,20,5,90,13,91,38,70,21,67,29,71
80,43,95,99,24,88,54,86,69,32,69,10,73,30,33,63,87,79,94,49,99,51,39,64,42,30
86,15,49,15,86,81,11,34,33,87,22,87,73,43,19,42,54,44,24,39,59,63,18,53,12,69
5,4,33,99,34,19,15,35,87,53,69,50,87,2,37,62,89,10,5,60,4,11,57,29,3,16
92,21,22,5,43,79,61,28,78,47,0,45,82,87,99,51,89,86,53,26,48,94,36,6,7,92
17,64,21,20,80,66,94,54,23,37,33,84,17,12,31,17,9,65,56,8,69,45,95,22,71,95
69,59,1,76,52,71,40,25,43,72,91,89,27,66,78,12,50,96,24,33,13,86,99,70,94,68
15,41,42,39,37,63,98,90,39,2,13,31,28,57,4,71,46,83,38,25,95,40,21,72,26,34
58,25,56,52,45,72,46,39,11,83,3,61,25,42,16,39,74,44,96,30,67,94,13,57,19,60
50,92,32,76,79,90,53,35,95,98,7,41,37,70,76,40,84,1,83,0,92,9,96,40,39,63
35,4,73,6,64,23,51,49,51,30,39,4,65,86,2,25,79,91,47,7,84,31,61,19,31,53
28,27,94,19,43,81,23,68,87,39,43,38,88,94,20,80,98,86,18,52,63,98,95,10,5,79
42,66,98,25,72,78,53,66,97,48,47,72,16,86,12,59,77,0,53,97,32,3,35,51,7,98
49,54,61,6,34,3,25,84,28,97,63,33,15,60,81,14,85,97,0,97,8,29,49,13,79,34
16,14,85,75,65,86,30,26,92,16,29,69,52,9,66,15,95,33,28,76,47,13,26,0,62,86
29,63,0,8,97,16,75,82,44,40,20,26,18,65,94,99,34,46,8,53,62,3,86,42,32,34
7,10,34,69,96,15,84,96,24,82,65,51,16,61,43,37,87,61,2,81,60,88,79,20,41,93
24,28,35,8,62,42,70,96,63,66,11,0,15,87,34,32,90,50,93,33,39,80,94,93,13,54
82,44,75,23,38,51,51,73,11,65,68,81,13,83,99,77,35,14,64,69,46,7,72,91,40,11
23,87,57,36,93,39,81,20,14,71,71,18,96,34,83,64,67,97,0,67,74,35,33,90,57,32
49,29,23,90,92,47,29,49,35,22,40,68,43,55,39,66,25,36,53,60,52,20,57,4,87,83
40,21,26,97,5,27,78,28,69,70,27,98,20,63,21,60,83,16,67,23,82,92,11,35,53,63
8,62,68,95,98,60,68,76,9,73,3,87,54,73,57,81,23,29,96,44,42,80,12,9,55,47
0,0
25,25
end

